{"producer":{"name":"Blender","version":"2.79 (sub 0)","exporter_version":"5.6.4","file":"Simple_Character__rigged_.babylon"},
"autoClear":true,"clearColor":[0.0509,0.0509,0.0509],"ambientColor":[0,0,0],"gravity":[0,-9.81,0],
"materials":[{"name":"Simple_Character__rigged_.Character","id":"Simple_Character__rigged_.Character","ambient":[0.8,0.8,0.8],"diffuse":[0.64,0.64,0.64],"specular":[0.5,0.5,0.5],"emissive":[0,0,0],"specularPower":50,"alpha":1,"backFaceCulling":true,"checkReadyOnlyOnce":false,"maxSimultaneousLights":4, 
"diffuseTexture":{"name":"Character Texture.png","level":1,"hasAlpha":1,"coordinatesMode":0,"uOffset":0,"vOffset":0,"uScale":1,"vScale":1,"uAng":0,"vAng":0,"wAng":0,"wrapU":1,"wrapV":1,"coordinatesIndex":0}}],
"multiMaterials":[],
"skeletons":[{"name":"Armature","id":0,"dimensionsAtRest":[9.2143,14.9954,4.1499],"bones":[
{"name":"Root","index":0,"matrix":[-0.121,0,0,0,0,0,-0.121,0,0,0.121,0,0,0,0,0,1],"rest":[-0.121,0,0,0,0,0,-0.121,0,0,0.121,0,0,0,0,0,1],"parentBoneIndex":-1,"length":2.1505
,"animation":{"dataType":3,"framePerSecond":24,"keys":[
{"frame":1,"values":[-0.121,0,0,0,0,0,-0.121,0,0,0.121,0,0,0,0,0,1]},
{"frame":17,"values":[-0.121,0,0,0,0,0,-0.121,0,0,0.121,0,0,0,0,0,1]},
{"frame":31,"values":[-0.121,0,0,0,0,0,-0.121,0,0,0.121,0,0,0,0,0,1]},
{"frame":63,"values":[-0.121,0,0,0,0,0,-0.121,0,0,0.121,0,0,0,0,0,1]}],"loopBehavior":1,"name":"anim","property":"_matrix"}},
{"name":"Torso","index":1,"matrix":[0.9858,-0.161,0.0477,0,-0.0245,0.1433,0.9894,0,-0.1661,-0.9765,0.1373,0,0.0598,0,5.3,1],"rest":[1,0,0,0,0,0.0671,0.9977,0,0,-0.9977,0.0671,0,0,0,5.6119,1],"parentBoneIndex":0,"length":2.4738
,"animation":{"dataType":3,"framePerSecond":24,"keys":[
{"frame":1,"values":[0.9864,-0.1447,0.0774,0,-0.0234,0.3426,0.9392,0,-0.1624,-0.9283,0.3346,0,-0.1622,0,5.355,1]},
{"frame":2,"values":[0.9848,-0.1449,0.0961,0,-0.0411,0.3426,0.9386,0,-0.1689,-0.9282,0.3314,0,-0.1641,0,5.1993,1]},
{"frame":3,"values":[0.9826,-0.1447,0.1162,0,-0.0604,0.3426,0.9375,0,-0.1755,-0.9283,0.3279,0,-0.1771,0,5.0436,1]},
{"frame":4,"values":[0.9943,-0.042,0.0975,0,-0.0764,0.3541,0.9321,0,-0.0737,-0.9343,0.3489,0,-0.2141,0,5.264,1]},
{"frame":5,"values":[0.9953,0.0608,0.0748,0,-0.0921,0.3707,0.9242,0,0.0285,-0.9267,0.3746,0,-0.2401,0,5.6081,1]},
{"frame":6,"values":[0.9967,-0.0039,0.0813,0,-0.0736,0.3831,0.9208,0,-0.0347,-0.9237,0.3816,0,-0.1722,0,5.81,1]},
{"frame":7,"values":[0.9949,-0.0733,0.0692,0,-0.0356,0.3869,0.9214,0,-0.0943,-0.9192,0.3823,0,-0.0454,0,5.8883,1]},
{"frame":8,"values":[0.9995,0.0322,-0.0047,0,-0.0074,0.3644,0.9312,0,0.0317,-0.9307,0.3644,0,0.0823,0,5.6835,1]},
{"frame":9,"values":[0.9864,0.1447,-0.0774,0,0.0234,0.3426,0.9392,0,0.1624,-0.9283,0.3346,0,0.1622,0,5.355,1]},
{"frame":10,"values":[0.9836,0.1458,-0.1062,0,0.0506,0.3422,0.9383,0,0.1731,-0.9282,0.3292,0,0.1696,0,5.1374,1]},
{"frame":11,"values":[0.9826,0.1447,-0.1162,0,0.0604,0.3426,0.9375,0,0.1755,-0.9283,0.3279,0,0.1771,0,5.0436,1]},
{"frame":12,"values":[0.9943,0.042,-0.0975,0,0.0764,0.3541,0.9321,0,0.0737,-0.9343,0.3489,0,0.2141,0,5.264,1]},
{"frame":13,"values":[0.9953,-0.0608,-0.0748,0,0.0921,0.3707,0.9242,0,-0.0285,-0.9267,0.3746,0,0.2401,0,5.6081,1]},
{"frame":14,"values":[0.9967,0.0039,-0.0813,0,0.0736,0.3831,0.9208,0,0.0347,-0.9237,0.3816,0,0.1722,0,5.81,1]},
{"frame":15,"values":[0.9949,0.0733,-0.0692,0,0.0356,0.3869,0.9214,0,0.0943,-0.9192,0.3823,0,0.0454,0,5.8883,1]},
{"frame":16,"values":[0.9993,-0.033,0.015,0,-0.002,0.3634,0.9316,0,-0.0362,-0.931,0.3631,0,-0.0878,0,5.6217,1]},
{"frame":17,"values":[0.9864,-0.1447,0.0774,0,-0.0234,0.3426,0.9392,0,-0.1624,-0.9283,0.3346,0,-0.1622,0,5.355,1]},
{"frame":31,"values":[0.9858,-0.161,0.0477,0,-0.0245,0.1433,0.9894,0,-0.1661,-0.9765,0.1373,0,0.0598,0,5.3,1]},
{"frame":32,"values":[0.9866,-0.1554,0.0489,0,-0.0265,0.1433,0.9893,0,-0.1607,-0.9774,0.1373,0,0.0513,0,5.2775,1]},
{"frame":33,"values":[0.9891,-0.1378,0.0517,0,-0.0318,0.1429,0.9892,0,-0.1437,-0.9801,0.137,0,0.0268,0,5.2186,1]},
{"frame":34,"values":[0.9922,-0.1122,0.0537,0,-0.0375,0.1415,0.9892,0,-0.1186,-0.9836,0.1362,0,-0.0031,0,5.1597,1]},
{"frame":35,"values":[0.9949,-0.0863,0.0527,0,-0.0404,0.1388,0.9895,0,-0.0927,-0.9865,0.1346,0,-0.0256,0,5.1371,1]},
{"frame":36,"values":[0.9971,-0.059,0.0484,0,-0.0402,0.1324,0.9904,0,-0.0649,-0.9894,0.1297,0,-0.043,0,5.1856,1]},
{"frame":37,"values":[0.9988,-0.0268,0.0402,0,-0.0367,0.121,0.992,0,-0.0314,-0.9923,0.1198,0,-0.0593,0,5.3226,1]},
{"frame":38,"values":[0.9996,0.0051,0.0293,0,-0.0297,0.1105,0.9934,0,0.0018,-0.9939,0.1106,0,-0.0701,0,5.4869,1]},
{"frame":39,"values":[0.9994,0.0313,0.0175,0,-0.0208,0.1066,0.9941,0,0.0293,-0.9938,0.1072,0,-0.0735,0,5.6047,1]},
{"frame":40,"values":[0.9987,0.0514,0.0021,0,-0.0076,0.1067,0.9943,0,0.0509,-0.993,0.107,0,-0.0735,0,5.6844,1]},
{"frame":41,"values":[0.9976,0.0665,-0.0181,0,0.0109,0.1074,0.9942,0,0.068,-0.992,0.1064,0,-0.0735,0,5.7495,1]},
{"frame":42,"values":[0.9962,0.0796,-0.0349,0,0.0262,0.1082,0.9938,0,0.0829,-0.9909,0.1057,0,-0.0735,0,5.7871,1]},
{"frame":43,"values":[0.9946,0.0948,-0.0417,0,0.0313,0.1088,0.9936,0,0.0987,-0.9895,0.1053,0,-0.0735,0,5.7976,1]},
{"frame":44,"values":[0.9924,0.1148,-0.0434,0,0.0303,0.1139,0.993,0,0.1189,-0.9868,0.1096,0,-0.0733,0,5.745,1]},
{"frame":45,"values":[0.9894,0.1378,-0.0454,0,0.0279,0.1264,0.9916,0,0.1424,-0.9824,0.1212,0,-0.0717,0,5.5971,1]},
{"frame":46,"values":[0.9868,0.1552,-0.0471,0,0.0255,0.1386,0.99,0,0.1601,-0.9781,0.1328,0,-0.0673,0,5.4219,1]},
{"frame":47,"values":[0.9858,0.161,-0.0477,0,0.0245,0.1433,0.9894,0,0.1661,-0.9765,0.1373,0,-0.0598,0,5.3,1]},
{"frame":48,"values":[0.9866,0.1554,-0.0489,0,0.0265,0.1433,0.9893,0,0.1607,-0.9774,0.1373,0,-0.0456,0,5.2244,1]},
{"frame":49,"values":[0.9891,0.1378,-0.0517,0,0.0318,0.1429,0.9892,0,0.1437,-0.9801,0.137,0,-0.0217,0,5.1702,1]},
{"frame":50,"values":[0.9922,0.1122,-0.0537,0,0.0375,0.1415,0.9892,0,0.1186,-0.9836,0.1362,0,0.0048,0,5.1435,1]},
{"frame":51,"values":[0.9949,0.0863,-0.0527,0,0.0404,0.1388,0.9895,0,0.0927,-0.9865,0.1346,0,0.0256,0,5.1371,1]},
{"frame":52,"values":[0.997,0.0595,-0.0489,0,0.0406,0.1324,0.9904,0,0.0654,-0.9894,0.1296,0,0.043,0,5.184,1]},
{"frame":53,"values":[0.9987,0.0283,-0.0417,0,0.038,0.121,0.9919,0,0.0331,-0.9922,0.1198,0,0.0593,0,5.3178,1]},
{"frame":54,"values":[0.9995,-0.0034,-0.0309,0,0.0311,0.1105,0.9934,0,0,-0.9939,0.1106,0,0.0701,0,5.4818,1]},
{"frame":55,"values":[0.9994,-0.0313,-0.0175,0,0.0208,0.1066,0.9941,0,-0.0293,-0.9938,0.1072,0,0.0735,0,5.6047,1]},
{"frame":56,"values":[0.9985,-0.0554,0.0038,0,0.0022,0.1069,0.9943,0,-0.0555,-0.9927,0.1068,0,0.0735,0,5.6984,1]},
{"frame":57,"values":[0.9966,-0.0763,0.0301,0,-0.0217,0.1079,0.9939,0,-0.0791,-0.9912,0.1059,0,0.0735,0,5.7731,1]},
{"frame":58,"values":[0.9946,-0.0948,0.0417,0,-0.0313,0.1088,0.9936,0,-0.0987,-0.9895,0.1053,0,0.0735,0,5.7976,1]},
{"frame":59,"values":[0.9926,-0.1136,0.0433,0,-0.0305,0.1123,0.9932,0,-0.1177,-0.9872,0.108,0,0.0722,0,5.7533,1]},
{"frame":60,"values":[0.9902,-0.1326,0.045,0,-0.0288,0.121,0.9922,0,-0.137,-0.9838,0.116,0,0.0688,0,5.6288,1]},
{"frame":61,"values":[0.9878,-0.1484,0.0464,0,-0.0267,0.1319,0.9909,0,-0.1531,-0.9801,0.1264,0,0.0644,0,5.4688,1]},
{"frame":62,"values":[0.9863,-0.158,0.0474,0,-0.0251,0.1403,0.9898,0,-0.1631,-0.9774,0.1344,0,0.061,0,5.3442,1]},
{"frame":63,"values":[0.9858,-0.161,0.0477,0,-0.0245,0.1433,0.9894,0,-0.1661,-0.9765,0.1373,0,0.0598,0,5.3,1]}],"loopBehavior":1,"name":"anim","property":"_matrix"}},
{"name":"Chest","index":2,"matrix":[-0.9741,0.0481,0.2211,0,0.0709,0.9928,0.0963,0,-0.2149,0.1095,-0.9705,0,0,2.4738,0,1],"rest":[-1,0,0,0,0,0.994,0.109,0,0,0.109,-0.994,0,0,2.4738,0,1],"parentBoneIndex":1,"length":2.4279
,"animation":{"dataType":3,"framePerSecond":24,"keys":[
{"frame":1,"values":[-0.9893,-0.0689,0.1288,0,-0.0483,0.9865,0.1565,0,-0.1378,0.1486,-0.9792,0,0,2.4738,0,1]},
{"frame":2,"values":[-0.9894,-0.0566,0.1336,0,-0.0355,0.9873,0.1548,0,-0.1406,0.1484,-0.9789,0,0,2.4738,0,1]},
{"frame":3,"values":[-0.9894,-0.0427,0.1385,0,-0.0212,0.988,0.1529,0,-0.1434,0.1483,-0.9785,0,0,2.4738,0,1]},
{"frame":4,"values":[-0.9989,0.0011,0.0463,0,0.0077,0.9899,0.1419,0,-0.0457,0.1421,-0.9888,0,0,2.4738,0,1]},
{"frame":5,"values":[-0.9973,0.0631,-0.0388,0,0.0571,0.9887,0.1388,0,0.0471,0.1362,-0.9896,0,0,2.4738,0,1]},
{"frame":6,"values":[-0.9968,0.0713,0.0356,0,0.0757,0.9872,0.1403,0,-0.0251,0.1426,-0.9895,0,0,2.4738,0,1]},
{"frame":7,"values":[-0.9926,0.0592,0.1057,0,0.0737,0.9876,0.1386,0,-0.0962,0.1453,-0.9847,0,0,2.4738,0,1]},
{"frame":8,"values":[-0.9975,0.0701,-0.0068,0,0.0683,0.9867,0.1473,0,0.0171,0.1465,-0.9891,0,0,2.4738,0,1]},
{"frame":9,"values":[-0.9893,0.0689,-0.1288,0,0.0483,0.9865,0.1565,0,0.1378,0.1486,-0.9792,0,0,2.4738,0,1]},
{"frame":10,"values":[-0.9893,0.0512,-0.1365,0,0.0299,0.9877,0.1537,0,0.1427,0.148,-0.9786,0,0,2.4738,0,1]},
{"frame":11,"values":[-0.9894,0.0427,-0.1385,0,0.0212,0.988,0.1529,0,0.1434,0.1483,-0.9785,0,0,2.4738,0,1]},
{"frame":12,"values":[-0.9989,-0.0011,-0.0463,0,-0.0077,0.9899,0.1419,0,0.0457,0.1421,-0.9888,0,0,2.4738,0,1]},
{"frame":13,"values":[-0.9973,-0.0631,0.0388,0,-0.0571,0.9887,0.1388,0,-0.0471,0.1362,-0.9896,0,0,2.4738,0,1]},
{"frame":14,"values":[-0.9968,-0.0713,-0.0356,0,-0.0757,0.9872,0.1403,0,0.0251,0.1426,-0.9895,0,0,2.4738,0,1]},
{"frame":15,"values":[-0.9926,-0.0592,-0.1057,0,-0.0737,0.9876,0.1386,0,0.0962,0.1453,-0.9847,0,0,2.4738,0,1]},
{"frame":16,"values":[-0.9979,-0.0648,0.0099,0,-0.0626,0.9872,0.1464,0,-0.0193,0.1454,-0.9892,0,0,2.4738,0,1]},
{"frame":17,"values":[-0.9893,-0.0689,0.1288,0,-0.0483,0.9865,0.1565,0,-0.1378,0.1486,-0.9792,0,0,2.4738,0,1]},
{"frame":31,"values":[-0.9741,0.0481,0.2211,0,0.0709,0.9928,0.0963,0,-0.2149,0.1095,-0.9705,0,0,2.4738,0,1]},
{"frame":32,"values":[-0.9754,0.0496,0.2149,0,0.0718,0.9927,0.0965,0,-0.2085,0.1096,-0.9719,0,0,2.4738,0,1]},
{"frame":33,"values":[-0.9793,0.0538,0.1951,0,0.0738,0.9925,0.0969,0,-0.1885,0.1093,-0.976,0,0,2.4738,0,1]},
{"frame":34,"values":[-0.9846,0.0575,0.1654,0,0.0742,0.9925,0.0971,0,-0.1586,0.1079,-0.9814,0,0,2.4738,0,1]},
{"frame":35,"values":[-0.9894,0.0576,0.133,0,0.0708,0.9928,0.0966,0,-0.1265,0.105,-0.9864,0,0,2.4738,0,1]},
{"frame":36,"values":[-0.9938,0.0541,0.0968,0,0.0631,0.9937,0.0926,0,-0.0912,0.0981,-0.991,0,0,2.4738,0,1]},
{"frame":37,"values":[-0.9975,0.0466,0.0535,0,0.051,0.9952,0.0835,0,-0.0494,0.0861,-0.9951,0,0,2.4738,0,1]},
{"frame":38,"values":[-0.9993,0.0348,0.0094,0,0.0354,0.9966,0.0747,0,-0.0068,0.075,-0.9972,0,0,2.4738,0,1]},
{"frame":39,"values":[-0.9994,0.0208,-0.0293,0,0.0186,0.9973,0.0713,0,0.0307,0.0708,-0.997,0,0,2.4738,0,1]},
{"frame":40,"values":[-0.9981,0.0024,-0.0621,0,-0.002,0.9975,0.0708,0,0.0621,0.0708,-0.9956,0,0,2.4738,0,1]},
{"frame":41,"values":[-0.9957,-0.0211,-0.0899,0,-0.0274,0.9972,0.0697,0,0.0882,0.0718,-0.9935,0,0,2.4738,0,1]},
{"frame":42,"values":[-0.9926,-0.0408,-0.1144,0,-0.0488,0.9965,0.0683,0,0.1112,0.0733,-0.9911,0,0,2.4738,0,1]},
{"frame":43,"values":[-0.9891,-0.0498,-0.1384,0,-0.0595,0.996,0.067,0,0.1345,0.0745,-0.9881,0,0,2.4738,0,1]},
{"frame":44,"values":[-0.9849,-0.0515,-0.1652,0,-0.0639,0.9955,0.0705,0,0.1608,0.0799,-0.9837,0,0,2.4738,0,1]},
{"frame":45,"values":[-0.9798,-0.0507,-0.1935,0,-0.0675,0.9944,0.0811,0,0.1883,0.0926,-0.9777,0,0,2.4738,0,1]},
{"frame":46,"values":[-0.9756,-0.0489,-0.2142,0,-0.07,0.9933,0.0921,0,0.2082,0.1049,-0.9724,0,0,2.4738,0,1]},
{"frame":47,"values":[-0.9741,-0.0481,-0.2211,0,-0.0709,0.9928,0.0963,0,0.2149,0.1095,-0.9705,0,0,2.4738,0,1]},
{"frame":48,"values":[-0.9753,-0.0497,-0.2151,0,-0.0719,0.9927,0.0965,0,0.2087,0.1096,-0.9718,0,0,2.4738,0,1]},
{"frame":49,"values":[-0.9792,-0.0539,-0.1954,0,-0.0739,0.9925,0.0969,0,0.1887,0.1094,-0.9759,0,0,2.4738,0,1]},
{"frame":50,"values":[-0.9846,-0.0574,-0.1653,0,-0.0742,0.9925,0.0971,0,0.1585,0.1079,-0.9815,0,0,2.4738,0,1]},
{"frame":51,"values":[-0.9894,-0.0576,-0.133,0,-0.0708,0.9928,0.0966,0,0.1265,0.105,-0.9864,0,0,2.4738,0,1]},
{"frame":52,"values":[-0.9937,-0.0548,-0.098,0,-0.0639,0.9937,0.0925,0,0.0923,0.0982,-0.9909,0,0,2.4738,0,1]},
{"frame":53,"values":[-0.9973,-0.0482,-0.056,0,-0.0528,0.9951,0.0834,0,0.0517,0.0862,-0.9949,0,0,2.4738,0,1]},
{"frame":54,"values":[-0.9993,-0.0364,-0.0117,0,-0.0372,0.9965,0.0747,0,0.009,0.0751,-0.9971,0,0,2.4738,0,1]},
{"frame":55,"values":[-0.9994,-0.0208,0.0293,0,-0.0186,0.9973,0.0713,0,-0.0307,0.0708,-0.997,0,0,2.4738,0,1]},
{"frame":56,"values":[-0.9976,0.0042,0.0693,0,0.0091,0.9975,0.0706,0,-0.0688,0.071,-0.9951,0,0,2.4738,0,1]},
{"frame":57,"values":[-0.9935,0.0352,0.1081,0,0.0428,0.9967,0.0687,0,-0.1053,0.0728,-0.9918,0,0,2.4738,0,1]},
{"frame":58,"values":[-0.9891,0.0498,0.1384,0,0.0595,0.996,0.067,0,-0.1345,0.0745,-0.9881,0,0,2.4738,0,1]},
{"frame":59,"values":[-0.9851,0.052,0.1642,0,0.0641,0.9956,0.0689,0,-0.1599,0.0784,-0.984,0,0,2.4738,0,1]},
{"frame":60,"values":[-0.9807,0.0521,0.1884,0,0.0675,0.9948,0.076,0,-0.1834,0.0873,-0.9792,0,0,2.4738,0,1]},
{"frame":61,"values":[-0.977,0.0505,0.2071,0,0.0696,0.9939,0.0858,0,-0.2015,0.0982,-0.9745,0,0,2.4738,0,1]},
{"frame":62,"values":[-0.9747,0.0488,0.2179,0,0.0706,0.9931,0.0935,0,-0.2119,0.1066,-0.9715,0,0,2.4738,0,1]},
{"frame":63,"values":[-0.9741,0.0481,0.2211,0,0.0709,0.9928,0.0963,0,-0.2149,0.1095,-0.9705,0,0,2.4738,0,1]}],"loopBehavior":1,"name":"anim","property":"_matrix"}},
{"name":"Neck","index":3,"matrix":[-1,0,0,0,0,0.9798,0.1998,0,0,0.1998,-0.9798,0,0,2.4279,0,1],"rest":[-1,0,0,0,0,0.9798,0.1998,0,0,0.1998,-0.9798,0,0,2.4279,0,1],"parentBoneIndex":2,"length":0.459
,"animation":{"dataType":3,"framePerSecond":24,"keys":[
{"frame":1,"values":[-1,0,0,0,0,0.9798,0.1998,0,0,0.1998,-0.9798,0,0,2.4279,0,1]},
{"frame":17,"values":[-1,0,0,0,0,0.9798,0.1998,0,0,0.1998,-0.9798,0,0,2.4279,0,1]},
{"frame":31,"values":[-1,0,0,0,0,0.9798,0.1998,0,0,0.1998,-0.9798,0,0,2.4279,0,1]},
{"frame":63,"values":[-1,0,0,0,0,0.9798,0.1998,0,0,0.1998,-0.9798,0,0,2.4279,0,1]}],"loopBehavior":1,"name":"anim","property":"_matrix"}},
{"name":"Head","index":4,"matrix":[0.9975,-0.0307,0.0639,0,0.0189,0.9838,0.1783,0,-0.0683,-0.1766,0.9819,0,0,0.459,0,1],"rest":[1,0,0,0,0,0.9886,0.1507,0,0,-0.1507,0.9886,0,0,0.459,0,1],"parentBoneIndex":3,"length":3.2939
,"animation":{"dataType":3,"framePerSecond":24,"keys":[
{"frame":1,"values":[0.9927,-0.1106,-0.0471,0,0.1186,0.9656,0.2316,0,0.0198,-0.2355,0.9717,0,0,0.459,0,1]},
{"frame":4,"values":[0.9951,-0.0909,-0.0392,0,0.0977,0.9662,0.2384,0,0.0162,-0.2411,0.9704,0,0,0.459,0,1]},
{"frame":5,"values":[0.9987,-0.0465,-0.0202,0,0.0501,0.9665,0.2517,0,0.0078,-0.2523,0.9676,0,0,0.459,0,1]},
{"frame":6,"values":[1,0.0065,0.0053,0,-0.0077,0.9639,0.2662,0,-0.0034,-0.2663,0.9639,0,0,0.459,0,1]},
{"frame":7,"values":[0.9979,0.0576,0.03,0,-0.0637,0.9598,0.2735,0,-0.013,-0.2749,0.9614,0,0,0.459,0,1]},
{"frame":8,"values":[0.9945,0.0955,0.0438,0,-0.1035,0.9621,0.2522,0,-0.0181,-0.2554,0.9667,0,0,0.459,0,1]},
{"frame":9,"values":[0.9927,0.1106,0.0471,0,-0.1186,0.9656,0.2316,0,-0.0198,-0.2355,0.9717,0,0,0.459,0,1]},
{"frame":12,"values":[0.9951,0.0909,0.0392,0,-0.0977,0.9662,0.2384,0,-0.0162,-0.2411,0.9704,0,0,0.459,0,1]},
{"frame":13,"values":[0.9987,0.0465,0.0202,0,-0.0501,0.9665,0.2517,0,-0.0078,-0.2523,0.9676,0,0,0.459,0,1]},
{"frame":14,"values":[1,-0.0065,-0.0053,0,0.0077,0.9639,0.2662,0,0.0034,-0.2663,0.9639,0,0,0.459,0,1]},
{"frame":15,"values":[0.9979,-0.0576,-0.03,0,0.0637,0.9598,0.2735,0,0.013,-0.2749,0.9614,0,0,0.459,0,1]},
{"frame":16,"values":[0.9945,-0.0955,-0.0438,0,0.1035,0.9621,0.2522,0,0.0181,-0.2554,0.9667,0,0,0.459,0,1]},
{"frame":17,"values":[0.9927,-0.1106,-0.0471,0,0.1186,0.9656,0.2316,0,0.0198,-0.2355,0.9717,0,0,0.459,0,1]},
{"frame":31,"values":[0.9975,-0.0307,0.0639,0,0.0189,0.9838,0.1783,0,-0.0683,-0.1766,0.9819,0,0,0.459,0,1]},
{"frame":32,"values":[0.9976,-0.0302,0.0628,0,0.0185,0.9838,0.1782,0,-0.0671,-0.1766,0.982,0,0,0.459,0,1]},
{"frame":33,"values":[0.9978,-0.0286,0.0595,0,0.0176,0.9838,0.1782,0,-0.0636,-0.1767,0.9822,0,0,0.459,0,1]},
{"frame":34,"values":[0.9982,-0.0259,0.0539,0,0.0159,0.9839,0.1781,0,-0.0577,-0.1769,0.9825,0,0,0.459,0,1]},
{"frame":35,"values":[0.9987,-0.0222,0.0462,0,0.0137,0.9839,0.178,0,-0.0495,-0.1771,0.9829,0,0,0.459,0,1]},
{"frame":36,"values":[0.9992,-0.0176,0.0366,0,0.0108,0.984,0.1779,0,-0.0392,-0.1773,0.9834,0,0,0.459,0,1]},
{"frame":37,"values":[0.9996,-0.0122,0.0254,0,0.0075,0.984,0.1778,0,-0.0272,-0.1775,0.9837,0,0,0.459,0,1]},
{"frame":38,"values":[0.9999,-0.0063,0.013,0,0.0038,0.9841,0.1777,0,-0.0139,-0.1776,0.984,0,0,0.459,0,1]},
{"frame":39,"values":[1,0,0,0,0,0.9841,0.1777,0,0,-0.1777,0.9841,0,0,0.459,0,1]},
{"frame":40,"values":[0.9999,0.0063,-0.013,0,-0.0038,0.9841,0.1777,0,0.0139,-0.1776,0.984,0,0,0.459,0,1]},
{"frame":41,"values":[0.9996,0.0122,-0.0254,0,-0.0075,0.984,0.1778,0,0.0272,-0.1775,0.9837,0,0,0.459,0,1]},
{"frame":42,"values":[0.9992,0.0176,-0.0366,0,-0.0108,0.984,0.1779,0,0.0392,-0.1773,0.9834,0,0,0.459,0,1]},
{"frame":43,"values":[0.9987,0.0222,-0.0462,0,-0.0137,0.9839,0.178,0,0.0495,-0.1771,0.9829,0,0,0.459,0,1]},
{"frame":44,"values":[0.9982,0.0259,-0.0539,0,-0.0159,0.9839,0.1781,0,0.0577,-0.1769,0.9825,0,0,0.459,0,1]},
{"frame":45,"values":[0.9978,0.0286,-0.0595,0,-0.0176,0.9838,0.1782,0,0.0636,-0.1767,0.9822,0,0,0.459,0,1]},
{"frame":46,"values":[0.9976,0.0302,-0.0628,0,-0.0185,0.9838,0.1782,0,0.0671,-0.1766,0.982,0,0,0.459,0,1]},
{"frame":47,"values":[0.9975,0.0307,-0.0639,0,-0.0189,0.9838,0.1783,0,0.0683,-0.1766,0.9819,0,0,0.459,0,1]},
{"frame":48,"values":[0.9976,0.0303,-0.063,0,-0.0186,0.9838,0.1782,0,0.0674,-0.1766,0.982,0,0,0.459,0,1]},
{"frame":49,"values":[0.9978,0.0287,-0.0597,0,-0.0176,0.9838,0.1782,0,0.0639,-0.1767,0.9822,0,0,0.459,0,1]},
{"frame":50,"values":[0.9982,0.0259,-0.0538,0,-0.0159,0.9839,0.1781,0,0.0575,-0.1769,0.9825,0,0,0.459,0,1]},
{"frame":51,"values":[0.9987,0.0222,-0.0462,0,-0.0137,0.9839,0.178,0,0.0495,-0.1771,0.9829,0,0,0.459,0,1]},
{"frame":52,"values":[0.9991,0.018,-0.0374,0,-0.011,0.984,0.1779,0,0.04,-0.1773,0.9833,0,0,0.459,0,1]},
{"frame":53,"values":[0.9996,0.0127,-0.0263,0,-0.0078,0.984,0.1778,0,0.0282,-0.1775,0.9837,0,0,0.459,0,1]},
{"frame":54,"values":[0.9999,0.0065,-0.0135,0,-0.004,0.9841,0.1777,0,0.0144,-0.1776,0.984,0,0,0.459,0,1]},
{"frame":55,"values":[1,0,0,0,0,0.9841,0.1777,0,0,-0.1777,0.9841,0,0,0.459,0,1]},
{"frame":56,"values":[0.9998,-0.0077,0.016,0,0.0047,0.9841,0.1777,0,-0.0171,-0.1776,0.984,0,0,0.459,0,1]},
{"frame":57,"values":[0.9993,-0.0162,0.0337,0,0.0099,0.984,0.1778,0,-0.036,-0.1774,0.9835,0,0,0.459,0,1]},
{"frame":58,"values":[0.9987,-0.0222,0.0462,0,0.0137,0.9839,0.178,0,-0.0495,-0.1771,0.9829,0,0,0.459,0,1]},
{"frame":59,"values":[0.9982,-0.0261,0.0543,0,0.016,0.9839,0.1781,0,-0.0581,-0.1769,0.9825,0,0,0.459,0,1]},
{"frame":60,"values":[0.9978,-0.0288,0.0599,0,0.0177,0.9838,0.1782,0,-0.0641,-0.1767,0.9822,0,0,0.459,0,1]},
{"frame":61,"values":[0.9976,-0.0302,0.0628,0,0.0186,0.9838,0.1782,0,-0.0672,-0.1766,0.982,0,0,0.459,0,1]},
{"frame":62,"values":[0.9975,-0.0307,0.0638,0,0.0188,0.9838,0.1783,0,-0.0682,-0.1766,0.9819,0,0,0.459,0,1]},
{"frame":63,"values":[0.9975,-0.0307,0.0639,0,0.0189,0.9838,0.1783,0,-0.0683,-0.1766,0.9819,0,0,0.459,0,1]}],"loopBehavior":1,"name":"anim","property":"_matrix"}},
{"name":"Upper Arm.L","index":5,"matrix":[-0.0441,-0.3753,0.9259,0,0.2912,-0.8914,-0.3474,0,0.9557,0.2543,0.1485,0,1.304,1.8287,-0.2397,1],"rest":[0.159,-0.0415,0.9864,0,0.616,-0.7766,-0.132,0,0.7715,0.6287,-0.0979,0,1.304,1.8287,-0.2397,1],"parentBoneIndex":2,"length":2.5731
,"animation":{"dataType":3,"framePerSecond":24,"keys":[
{"frame":1,"values":[0.1266,-0.5669,0.814,0,0.3484,-0.7429,-0.5716,0,0.9288,0.356,0.1035,0,1.304,1.8287,-0.2397,1]},
{"frame":2,"values":[0.1294,-0.5336,0.8358,0,0.3456,-0.7657,-0.5424,0,0.9294,0.359,0.0854,0,1.304,1.8287,-0.2397,1]},
{"frame":3,"values":[0.1382,-0.4312,0.8916,0,0.3381,-0.8257,-0.4517,0,0.9309,0.3638,0.0317,0,1.304,1.8287,-0.2397,1]},
{"frame":4,"values":[0.1522,-0.2736,0.9497,0,0.3288,-0.8921,-0.3097,0,0.932,0.3595,-0.0459,0,1.304,1.8287,-0.2397,1]},
{"frame":5,"values":[0.1717,-0.0657,0.983,0,0.3205,-0.9398,-0.1188,0,0.9316,0.3354,-0.1403,0,1.304,1.8287,-0.2397,1]},
{"frame":6,"values":[0.1939,0.1612,0.9677,0,0.3159,-0.9441,0.094,0,0.9288,0.2874,-0.234,0,1.304,1.8287,-0.2397,1]},
{"frame":7,"values":[0.2136,0.3531,0.9109,0,0.3158,-0.9073,0.2777,0,0.9245,0.2283,-0.3053,0,1.304,1.8287,-0.2397,1]},
{"frame":8,"values":[0.228,0.4883,0.8424,0,0.3183,-0.855,0.4094,0,0.9202,0.1747,-0.3503,0,1.304,1.8287,-0.2397,1]},
{"frame":9,"values":[0.2334,0.5376,0.8103,0,0.3198,-0.8294,0.4581,0,0.9183,0.1522,-0.3655,0,1.304,1.8287,-0.2397,1]},
{"frame":10,"values":[0.2298,0.5045,0.8323,0,0.3187,-0.847,0.4255,0,0.9196,0.1675,-0.3554,0,1.304,1.8287,-0.2397,1]},
{"frame":11,"values":[0.2188,0.4027,0.8888,0,0.3164,-0.8909,0.3257,0,0.923,0.21,-0.3224,0,1.304,1.8287,-0.2397,1]},
{"frame":12,"values":[0.2023,0.2442,0.9484,0,0.3154,-0.9331,0.173,0,0.9272,0.2641,-0.2658,0,1.304,1.8287,-0.2397,1]},
{"frame":13,"values":[0.1817,0.0382,0.9826,0,0.3178,-0.9479,-0.0219,0,0.9306,0.3162,-0.1844,0,1.304,1.8287,-0.2397,1]},
{"frame":14,"values":[0.1621,-0.1666,0.9726,0,0.324,-0.922,-0.212,0,0.9321,0.3495,-0.0955,0,1.304,1.8287,-0.2397,1]},
{"frame":15,"values":[0.1446,-0.3581,0.9224,0,0.3334,-0.86,-0.3862,0,0.9316,0.3634,-0.005,0,1.304,1.8287,-0.2397,1]},
{"frame":16,"values":[0.1317,-0.5067,0.852,0,0.3435,-0.783,-0.5186,0,0.9299,0.361,0.071,0,1.304,1.8287,-0.2397,1]},
{"frame":17,"values":[0.1266,-0.5669,0.814,0,0.3484,-0.7429,-0.5716,0,0.9288,0.356,0.1035,0,1.304,1.8287,-0.2397,1]},
{"frame":31,"values":[-0.0441,-0.3753,0.9259,0,0.2912,-0.8914,-0.3474,0,0.9557,0.2543,0.1485,0,1.304,1.8287,-0.2397,1]},
{"frame":32,"values":[-0.0437,-0.3698,0.9281,0,0.2926,-0.893,-0.342,0,0.9552,0.2566,0.1472,0,1.304,1.8287,-0.2397,1]},
{"frame":33,"values":[-0.0428,-0.3506,0.9355,0,0.2968,-0.8986,-0.3232,0,0.954,0.2639,0.1426,0,1.304,1.8287,-0.2397,1]},
{"frame":34,"values":[-0.0422,-0.318,0.9471,0,0.302,-0.9077,-0.2913,0,0.9524,0.2737,0.1343,0,1.304,1.8287,-0.2397,1]},
{"frame":35,"values":[-0.0424,-0.2785,0.9595,0,0.3057,-0.9179,-0.2529,0,0.9512,0.2826,0.124,0,1.304,1.8287,-0.2397,1]},
{"frame":36,"values":[-0.0432,-0.2317,0.9718,0,0.3086,-0.9283,-0.2076,0,0.9502,0.2909,0.1116,0,1.304,1.8287,-0.2397,1]},
{"frame":37,"values":[-0.0447,-0.1728,0.9839,0,0.3117,-0.9382,-0.1506,0,0.9491,0.3,0.0958,0,1.304,1.8287,-0.2397,1]},
{"frame":38,"values":[-0.0467,-0.1078,0.9931,0,0.3148,-0.9451,-0.0878,0,0.948,0.3085,0.0781,0,1.304,1.8287,-0.2397,1]},
{"frame":39,"values":[-0.0488,-0.0458,0.9978,0,0.3177,-0.9478,-0.028,0,0.9469,0.3156,0.0608,0,1.304,1.8287,-0.2397,1]},
{"frame":40,"values":[-0.051,0.0163,0.9986,0,0.3204,-0.9468,0.0318,0,0.9459,0.3215,0.0431,0,1.304,1.8287,-0.2397,1]},
{"frame":41,"values":[-0.0536,0.0811,0.9953,0,0.3229,-0.9417,0.0941,0,0.9449,0.3264,0.0243,0,1.304,1.8287,-0.2397,1]},
{"frame":42,"values":[-0.056,0.1395,0.9886,0,0.3251,-0.9337,0.1502,0,0.944,0.3299,0.0069,0,1.304,1.8287,-0.2397,1]},
{"frame":43,"values":[-0.058,0.1855,0.9809,0,0.327,-0.9248,0.1943,0,0.9432,0.3321,-0.0071,0,1.304,1.8287,-0.2397,1]},
{"frame":44,"values":[-0.0596,0.2239,0.9728,0,0.3285,-0.9159,0.2309,0,0.9426,0.3333,-0.019,0,1.304,1.8287,-0.2397,1]},
{"frame":45,"values":[-0.0609,0.2552,0.965,0,0.3294,-0.9075,0.2608,0,0.9422,0.3337,-0.0288,0,1.304,1.8287,-0.2397,1]},
{"frame":46,"values":[-0.0618,0.2734,0.9599,0,0.3304,-0.9019,0.2782,0,0.9418,0.3343,-0.0346,0,1.304,1.8287,-0.2397,1]},
{"frame":47,"values":[-0.0623,0.2784,0.9584,0,0.332,-0.8999,0.283,0,0.9412,0.3358,-0.0364,0,1.304,1.8287,-0.2397,1]},
{"frame":48,"values":[-0.0631,0.2511,0.9659,0,0.3373,-0.9055,0.2574,0,0.9393,0.3421,-0.0275,0,1.304,1.8287,-0.2397,1]},
{"frame":49,"values":[-0.0635,0.1699,0.9834,0,0.3477,-0.9199,0.1814,0,0.9354,0.3535,-0.0006,0,1.304,1.8287,-0.2397,1]},
{"frame":50,"values":[-0.0616,0.0627,0.9961,0,0.3565,-0.9308,0.0806,0,0.9323,0.3601,0.035,0,1.304,1.8287,-0.2397,1]},
{"frame":51,"values":[-0.0578,-0.0274,0.998,0,0.3576,-0.9339,-0.0049,0,0.9321,0.3566,0.0638,0,1.304,1.8287,-0.2397,1]},
{"frame":52,"values":[-0.0524,-0.1075,0.9928,0,0.3506,-0.9329,-0.0825,0,0.9351,0.3438,0.0865,0,1.304,1.8287,-0.2397,1]},
{"frame":53,"values":[-0.0458,-0.1918,0.9804,0,0.3371,-0.9268,-0.1656,0,0.9403,0.3229,0.1071,0,1.304,1.8287,-0.2397,1]},
{"frame":54,"values":[-0.0413,-0.2594,0.9649,0,0.3225,-0.9175,-0.2329,0,0.9457,0.3016,0.1215,0,1.304,1.8287,-0.2397,1]},
{"frame":55,"values":[-0.0401,-0.298,0.9537,0,0.313,-0.9102,-0.2712,0,0.9489,0.2877,0.1298,0,1.304,1.8287,-0.2397,1]},
{"frame":56,"values":[-0.0406,-0.3209,0.9462,0,0.3073,-0.9051,-0.2938,0,0.9508,0.2788,0.1353,0,1.304,1.8287,-0.2397,1]},
{"frame":57,"values":[-0.0412,-0.3401,0.9395,0,0.3022,-0.9005,-0.3127,0,0.9524,0.271,0.1399,0,1.304,1.8287,-0.2397,1]},
{"frame":58,"values":[-0.042,-0.3548,0.934,0,0.2981,-0.8967,-0.3273,0,0.9536,0.2647,0.1434,0,1.304,1.8287,-0.2397,1]},
{"frame":59,"values":[-0.0427,-0.365,0.93,0,0.295,-0.894,-0.3373,0,0.9545,0.2599,0.1459,0,1.304,1.8287,-0.2397,1]},
{"frame":60,"values":[-0.0433,-0.3711,0.9276,0,0.293,-0.8924,-0.3433,0,0.9551,0.2569,0.1474,0,1.304,1.8287,-0.2397,1]},
{"frame":61,"values":[-0.0437,-0.374,0.9264,0,0.2918,-0.8916,-0.3462,0,0.9555,0.2552,0.1481,0,1.304,1.8287,-0.2397,1]},
{"frame":62,"values":[-0.044,-0.3751,0.9259,0,0.2913,-0.8914,-0.3473,0,0.9556,0.2544,0.1485,0,1.304,1.8287,-0.2397,1]},
{"frame":63,"values":[-0.0441,-0.3753,0.9259,0,0.2912,-0.8914,-0.3474,0,0.9557,0.2543,0.1485,0,1.304,1.8287,-0.2397,1]}],"loopBehavior":1,"name":"anim","property":"_matrix"}},
{"name":"Lower Arm.L","index":6,"matrix":[0.8419,-0.2516,-0.4775,0,0.0946,0.9398,-0.3284,0,0.5313,0.2313,0.815,0,0,2.5731,0,1],"rest":[0.8661,-0.312,-0.3907,0,0.282,0.9501,-0.1334,0,0.4128,0.0053,0.9108,0,0,2.5731,0,1],"parentBoneIndex":5,"length":2.3018
,"animation":{"dataType":3,"framePerSecond":24,"keys":[
{"frame":1,"values":[0.8625,-0.3162,-0.3952,0,0.1846,0.9236,-0.336,0,0.4712,0.2168,0.8549,0,0,2.5731,0,1]},
{"frame":2,"values":[0.8593,-0.3439,-0.3786,0,0.2269,0.9197,-0.3204,0,0.4584,0.1894,0.8683,0,0,2.5731,0,1]},
{"frame":3,"values":[0.8263,-0.4465,-0.3433,0,0.3483,0.8841,-0.3116,0,0.4426,0.138,0.886,0,0,2.5731,0,1]},
{"frame":4,"values":[0.7218,-0.6036,-0.3387,0,0.5096,0.7946,-0.3301,0,0.4684,0.0656,0.8811,0,0,2.5731,0,1]},
{"frame":5,"values":[0.522,-0.7893,-0.3232,0,0.6802,0.6139,-0.4006,0,0.5146,-0.0107,0.8574,0,0,2.5731,0,1]},
{"frame":6,"values":[0.2493,-0.9485,-0.1954,0,0.7757,0.3164,-0.5461,0,0.5798,-0.0154,0.8146,0,0,2.5731,0,1]},
{"frame":7,"values":[-0.0001,-1,0.0026,0,0.7452,-0.0018,-0.6669,0,0.6669,0.0018,0.7452,0,0,2.5731,0,1]},
{"frame":8,"values":[-0.1603,-0.9688,0.1889,0,0.6501,-0.2476,-0.7183,0,0.7427,0.0077,0.6696,0,0,2.5731,0,1]},
{"frame":9,"values":[-0.2021,-0.9387,0.2793,0,0.5872,-0.3444,-0.7325,0,0.7838,0.016,0.6208,0,0,2.5731,0,1]},
{"frame":10,"values":[-0.134,-0.9571,0.2567,0,0.6018,-0.2844,-0.7463,0,0.7873,0.0545,0.6141,0,0,2.5731,0,1]},
{"frame":11,"values":[0.0378,-0.9881,0.1488,0,0.6234,-0.0931,-0.7763,0,0.781,0.1221,0.6125,0,0,2.5731,0,1]},
{"frame":12,"values":[0.2228,-0.9697,-0.1006,0,0.6631,0.2263,-0.7135,0,0.7146,0.0922,0.6934,0,0,2.5731,0,1]},
{"frame":13,"values":[0.4447,-0.8141,-0.3736,0,0.653,0.5801,-0.4869,0,0.6131,-0.0274,0.7895,0,0,2.5731,0,1]},
{"frame":14,"values":[0.6891,-0.5804,-0.434,0,0.5107,0.8138,-0.2773,0,0.5141,-0.0306,0.8572,0,0,2.5731,0,1]},
{"frame":15,"values":[0.8065,-0.4442,-0.3902,0,0.3536,0.8913,-0.2838,0,0.4738,0.0908,0.8759,0,0,2.5731,0,1]},
{"frame":16,"values":[0.8518,-0.3497,-0.3902,0,0.2328,0.9197,-0.3161,0,0.4693,0.1784,0.8648,0,0,2.5731,0,1]},
{"frame":17,"values":[0.8625,-0.3162,-0.3952,0,0.1846,0.9236,-0.336,0,0.4712,0.2168,0.8549,0,0,2.5731,0,1]},
{"frame":31,"values":[0.8419,-0.2516,-0.4775,0,0.0946,0.9398,-0.3284,0,0.5313,0.2313,0.815,0,0,2.5731,0,1]},
{"frame":32,"values":[0.8403,-0.258,-0.4768,0,0.1041,0.9399,-0.3251,0,0.532,0.2236,0.8167,0,0,2.5731,0,1]},
{"frame":33,"values":[0.8326,-0.284,-0.4756,0,0.1388,0.9382,-0.3172,0,0.5363,0.1981,0.8205,0,0,2.5731,0,1]},
{"frame":34,"values":[0.8133,-0.3343,-0.4763,0,0.2,0.9292,-0.3107,0,0.5464,0.1575,0.8226,0,0,2.5731,0,1]},
{"frame":35,"values":[0.7803,-0.4013,-0.4797,0,0.2758,0.9092,-0.3119,0,0.5613,0.1111,0.8201,0,0,2.5731,0,1]},
{"frame":36,"values":[0.7208,-0.4901,-0.4901,0,0.375,0.8704,-0.319,0,0.5829,0.0461,0.8112,0,0,2.5731,0,1]},
{"frame":37,"values":[0.6208,-0.5992,-0.5056,0,0.5002,0.7993,-0.3332,0,0.6037,-0.0461,0.7958,0,0,2.5731,0,1]},
{"frame":38,"values":[0.5115,-0.6919,-0.5095,0,0.6061,0.7108,-0.3568,0,0.6091,-0.1263,0.783,0,0,2.5731,0,1]},
{"frame":39,"values":[0.4395,-0.7512,-0.4925,0,0.6652,0.6406,-0.3836,0,0.6037,-0.159,0.7812,0,0,2.5731,0,1]},
{"frame":40,"values":[0.4077,-0.7892,-0.4592,0,0.6968,0.5939,-0.4022,0,0.5902,-0.156,0.792,0,0,2.5731,0,1]},
{"frame":41,"values":[0.4043,-0.8131,-0.4189,0,0.7168,0.5661,-0.4071,0,0.5682,-0.1356,0.8117,0,0,2.5731,0,1]},
{"frame":42,"values":[0.4152,-0.824,-0.3855,0,0.7245,0.5558,-0.4077,0,0.5502,-0.11,0.8278,0,0,2.5731,0,1]},
{"frame":43,"values":[0.4202,-0.8285,-0.3702,0,0.7234,0.5522,-0.4144,0,0.5477,-0.0937,0.8314,0,0,2.5731,0,1]},
{"frame":44,"values":[0.4087,-0.8309,-0.3777,0,0.7131,0.549,-0.436,0,0.5696,-0.0912,0.8168,0,0,2.5731,0,1]},
{"frame":45,"values":[0.3804,-0.8309,-0.4062,0,0.6912,0.5472,-0.472,0,0.6144,-0.1012,0.7825,0,0,2.5731,0,1]},
{"frame":46,"values":[0.3511,-0.8292,-0.435,0,0.669,0.5472,-0.5031,0,0.6552,-0.1144,0.7468,0,0,2.5731,0,1]},
{"frame":47,"values":[0.3396,-0.8282,-0.4459,0,0.6602,0.5475,-0.5141,0,0.6699,-0.1198,0.7327,0,0,2.5731,0,1]},
{"frame":48,"values":[0.3556,-0.8147,-0.458,0,0.6533,0.5671,-0.5016,0,0.6684,-0.1208,0.734,0,0,2.5731,0,1]},
{"frame":49,"values":[0.4077,-0.7714,-0.4885,0,0.6293,0.6251,-0.4619,0,0.6616,-0.1191,0.7403,0,0,2.5731,0,1]},
{"frame":50,"values":[0.4861,-0.7061,-0.5149,0,0.5879,0.7002,-0.4051,0,0.6466,-0.1058,0.7555,0,0,2.5731,0,1]},
{"frame":51,"values":[0.5675,-0.6407,-0.5172,0,0.5396,0.7638,-0.3542,0,0.622,-0.0781,0.7791,0,0,2.5731,0,1]},
{"frame":52,"values":[0.6645,-0.5679,-0.4856,0,0.4777,0.8226,-0.3084,0,0.5746,-0.0271,0.818,0,0,2.5731,0,1]},
{"frame":53,"values":[0.7759,-0.4717,-0.419,0,0.3909,0.8807,-0.2676,0,0.4952,0.0439,0.8676,0,0,2.5731,0,1]},
{"frame":54,"values":[0.8532,-0.3813,-0.3559,0,0.3072,0.9188,-0.248,0,0.4216,0.1023,0.901,0,0,2.5731,0,1]},
{"frame":55,"values":[0.8823,-0.3295,-0.3363,0,0.255,0.9349,-0.247,0,0.3957,0.1322,0.9088,0,0,2.5731,0,1]},
{"frame":56,"values":[0.8882,-0.3022,-0.3462,0,0.2213,0.9415,-0.2541,0,0.4027,0.1491,0.9031,0,0,2.5731,0,1]},
{"frame":57,"values":[0.8883,-0.2801,-0.3639,0,0.1894,0.9454,-0.2654,0,0.4184,0.1668,0.8928,0,0,2.5731,0,1]},
{"frame":58,"values":[0.883,-0.2642,-0.388,0,0.1604,0.9466,-0.2795,0,0.4411,0.1846,0.8783,0,0,2.5731,0,1]},
{"frame":59,"values":[0.8734,-0.2547,-0.4151,0,0.1358,0.9459,-0.2947,0,0.4677,0.201,0.8607,0,0,2.5731,0,1]},
{"frame":60,"values":[0.8619,-0.2508,-0.4408,0,0.1168,0.944,-0.3087,0,0.4935,0.2146,0.8429,0,0,2.5731,0,1]},
{"frame":61,"values":[0.8514,-0.2503,-0.461,0,0.1038,0.9419,-0.3195,0,0.5141,0.2242,0.8279,0,0,2.5731,0,1]},
{"frame":62,"values":[0.8443,-0.2511,-0.4734,0,0.0967,0.9403,-0.3262,0,0.5271,0.2296,0.8182,0,0,2.5731,0,1]},
{"frame":63,"values":[0.8419,-0.2516,-0.4775,0,0.0946,0.9398,-0.3284,0,0.5313,0.2313,0.815,0,0,2.5731,0,1]}],"loopBehavior":1,"name":"anim","property":"_matrix"}},
{"name":"Hand.L","index":7,"matrix":[0.9601,0.0661,-0.2716,0,-0.1035,0.9867,-0.1256,0,0.2597,0.1487,0.9542,0,0,2.3018,0,1],"rest":[0.9777,-0.1185,-0.1734,0,0.1448,0.9783,0.1479,0,0.1521,-0.1697,0.9737,0,0,2.3018,0,1],"parentBoneIndex":6,"length":0.8204
,"animation":{"dataType":3,"framePerSecond":24,"keys":[
{"frame":1,"values":[0.9515,0.2765,-0.135,0,-0.3011,0.9269,-0.2239,0,0.0632,0.2537,0.9652,0,0,2.3018,0,1]},
{"frame":2,"values":[0.9568,0.2372,-0.168,0,-0.2691,0.9414,-0.2035,0,0.1099,0.24,0.9645,0,0,2.3018,0,1]},
{"frame":3,"values":[0.9601,0.1491,-0.2366,0,-0.1905,0.9681,-0.1628,0,0.2048,0.2014,0.9579,0,0,2.3018,0,1]},
{"frame":4,"values":[0.9475,0.0453,-0.3164,0,-0.0879,0.9887,-0.1217,0,0.3073,0.1431,0.9408,0,0,2.3018,0,1]},
{"frame":5,"values":[0.925,-0.0499,-0.3767,0,0.0165,0.9957,-0.0915,0,0.3796,0.0784,0.9218,0,0,2.3018,0,1]},
{"frame":6,"values":[0.9191,-0.0801,-0.3857,0,0.0522,0.9953,-0.0821,0,0.3904,0.0553,0.919,0,0,2.3018,0,1]},
{"frame":7,"values":[0.9094,-0.1282,-0.3956,0,0.1098,0.9916,-0.0689,0,0.4011,0.0192,0.9158,0,0,2.3018,0,1]},
{"frame":8,"values":[0.7448,-0.3541,-0.5656,0,0.4302,0.9028,0.0013,0,0.5102,-0.2443,0.8247,0,0,2.3018,0,1]},
{"frame":9,"values":[0.5429,-0.4575,-0.7043,0,0.6507,0.7593,0.0083,0,0.5309,-0.4628,0.7099,0,0,2.3018,0,1]},
{"frame":10,"values":[0.544,-0.4561,-0.7043,0,0.643,0.7659,0.0007,0,0.5391,-0.4532,0.7099,0,0,2.3018,0,1]},
{"frame":11,"values":[0.5725,-0.439,-0.6924,0,0.6108,0.7918,0.003,0,0.5469,-0.4247,0.7215,0,0,2.3018,0,1]},
{"frame":12,"values":[0.6208,-0.4074,-0.6698,0,0.5699,0.8212,0.0287,0,0.5383,-0.3996,0.742,0,0,2.3018,0,1]},
{"frame":13,"values":[0.7104,-0.3568,-0.6067,0,0.4917,0.8683,0.0651,0,0.5036,-0.3445,0.7923,0,0,2.3018,0,1]},
{"frame":14,"values":[0.8467,-0.2621,-0.4631,0,0.3329,0.9398,0.0768,0,0.4151,-0.2192,0.883,0,0,2.3018,0,1]},
{"frame":15,"values":[0.9506,-0.1054,-0.2919,0,0.1157,0.9931,0.0181,0,0.288,-0.051,0.9563,0,0,2.3018,0,1]},
{"frame":16,"values":[0.9754,0.1424,-0.168,0,-0.1655,0.9773,-0.1324,0,0.1453,0.157,0.9769,0,0,2.3018,0,1]},
{"frame":17,"values":[0.9515,0.2765,-0.135,0,-0.3011,0.9269,-0.2239,0,0.0632,0.2537,0.9652,0,0,2.3018,0,1]},
{"frame":31,"values":[0.9601,0.0661,-0.2716,0,-0.1035,0.9867,-0.1256,0,0.2597,0.1487,0.9542,0,0,2.3018,0,1]},
{"frame":32,"values":[0.96,0.0659,-0.2721,0,-0.1032,0.9867,-0.1254,0,0.2602,0.1485,0.9541,0,0,2.3018,0,1]},
{"frame":33,"values":[0.9596,0.0636,-0.2742,0,-0.1006,0.9873,-0.1231,0,0.2629,0.1457,0.9537,0,0,2.3018,0,1]},
{"frame":34,"values":[0.9587,0.0567,-0.2786,0,-0.0925,0.9889,-0.1167,0,0.2689,0.1377,0.9533,0,0,2.3018,0,1]},
{"frame":35,"values":[0.9575,0.0452,-0.2849,0,-0.0783,0.9913,-0.1059,0,0.2776,0.1237,0.9527,0,0,2.3018,0,1]},
{"frame":36,"values":[0.9558,0.0274,-0.2928,0,-0.0559,0.9944,-0.0893,0,0.2887,0.1017,0.952,0,0,2.3018,0,1]},
{"frame":37,"values":[0.9529,0.0009,-0.3032,0,-0.0212,0.9977,-0.0639,0,0.3024,0.0673,0.9508,0,0,2.3018,0,1]},
{"frame":38,"values":[0.9482,-0.031,-0.3163,0,0.0218,0.9992,-0.0327,0,0.317,0.0241,0.9481,0,0,2.3018,0,1]},
{"frame":39,"values":[0.9417,-0.062,-0.3308,0,0.0652,0.9979,-0.0016,0,0.3302,-0.0201,0.9437,0,0,2.3018,0,1]},
{"frame":40,"values":[0.9333,-0.0933,-0.3468,0,0.1105,0.9934,0.0302,0,0.3417,-0.0665,0.9374,0,0,2.3018,0,1]},
{"frame":41,"values":[0.9222,-0.127,-0.3653,0,0.1614,0.9848,0.065,0,0.3515,-0.1189,0.9286,0,0,2.3018,0,1]},
{"frame":42,"values":[0.9091,-0.158,-0.3854,0,0.2106,0.9726,0.0981,0,0.3594,-0.1704,0.9175,0,0,2.3018,0,1]},
{"frame":43,"values":[0.8957,-0.1823,-0.4056,0,0.2523,0.9594,0.1258,0,0.3662,-0.215,0.9054,0,0,2.3018,0,1]},
{"frame":44,"values":[0.8801,-0.2029,-0.4292,0,0.2919,0.9443,0.1521,0,0.3744,-0.2591,0.8903,0,0,2.3018,0,1]},
{"frame":45,"values":[0.862,-0.2202,-0.4566,0,0.3307,0.9269,0.1774,0,0.3842,-0.3039,0.8718,0,0,2.3018,0,1]},
{"frame":46,"values":[0.848,-0.2301,-0.4774,0,0.3572,0.9136,0.1942,0,0.3915,-0.3352,0.857,0,0,2.3018,0,1]},
{"frame":47,"values":[0.8431,-0.233,-0.4847,0,0.3659,0.909,0.1994,0,0.3941,-0.3455,0.8516,0,0,2.3018,0,1]},
{"frame":48,"values":[0.8429,-0.233,-0.4851,0,0.366,0.909,0.1995,0,0.3944,-0.3457,0.8514,0,0,2.3018,0,1]},
{"frame":49,"values":[0.8436,-0.2316,-0.4845,0,0.3645,0.9095,0.2,0,0.3943,-0.3453,0.8516,0,0,2.3018,0,1]},
{"frame":50,"values":[0.8464,-0.2272,-0.4817,0,0.3592,0.9113,0.2013,0,0.3932,-0.3434,0.8529,0,0,2.3018,0,1]},
{"frame":51,"values":[0.8514,-0.2196,-0.4764,0,0.3498,0.9144,0.2036,0,0.3909,-0.3399,0.8553,0,0,2.3018,0,1]},
{"frame":52,"values":[0.8608,-0.2065,-0.4652,0,0.3293,0.9229,0.1995,0,0.3881,-0.3249,0.8624,0,0,2.3018,0,1]},
{"frame":53,"values":[0.8765,-0.1847,-0.4446,0,0.2899,0.9398,0.1811,0,0.3844,-0.2876,0.8772,0,0,2.3018,0,1]},
{"frame":54,"values":[0.8937,-0.1578,-0.4199,0,0.2411,0.9584,0.1529,0,0.3783,-0.2379,0.8946,0,0,2.3018,0,1]},
{"frame":55,"values":[0.9076,-0.1327,-0.3983,0,0.197,0.9724,0.1251,0,0.3707,-0.192,0.9087,0,0,2.3018,0,1]},
{"frame":56,"values":[0.9196,-0.1072,-0.378,0,0.154,0.9834,0.0958,0,0.3614,-0.1463,0.9209,0,0,2.3018,0,1]},
{"frame":57,"values":[0.9316,-0.0767,-0.3552,0,0.104,0.9929,0.0585,0,0.3482,-0.0914,0.933,0,0,2.3018,0,1]},
{"frame":58,"values":[0.9424,-0.0424,-0.3318,0,0.0503,0.9986,0.0152,0,0.3307,-0.031,0.9432,0,0,2.3018,0,1]},
{"frame":59,"values":[0.9506,-0.0075,-0.3103,0,-0.0017,0.9996,-0.0296,0,0.3104,0.0287,0.9502,0,0,2.3018,0,1]},
{"frame":60,"values":[0.9559,0.0237,-0.2928,0,-0.0461,0.9965,-0.0701,0,0.2901,0.0805,0.9536,0,0,2.3018,0,1]},
{"frame":61,"values":[0.9586,0.0473,-0.2806,0,-0.0785,0.9918,-0.101,0,0.2736,0.1189,0.9545,0,0,2.3018,0,1]},
{"frame":62,"values":[0.9598,0.0615,-0.2738,0,-0.0975,0.988,-0.1196,0,0.2631,0.1415,0.9543,0,0,2.3018,0,1]},
{"frame":63,"values":[0.9601,0.0661,-0.2716,0,-0.1035,0.9867,-0.1256,0,0.2597,0.1487,0.9542,0,0,2.3018,0,1]}],"loopBehavior":1,"name":"anim","property":"_matrix"}},
{"name":"Thumb01.L","index":8,"matrix":[0.5652,-0.2905,-0.7721,0,0.3983,0.9157,-0.0529,0,0.7224,-0.2776,0.6333,0,0.2277,0.5384,-0.0059,1],"rest":[-0.1484,-0.6818,-0.7163,0,0.9889,-0.1013,-0.1085,0,0.0014,-0.7245,0.6893,0,0.2277,0.5384,-0.0059,1],"parentBoneIndex":7,"length":0.267
,"animation":{"dataType":3,"framePerSecond":24,"keys":[
{"frame":1,"values":[-0.9153,-0.3583,-0.1839,0,0.3433,-0.4556,-0.8213,0,0.2105,-0.8149,0.54,0,0.2277,0.5384,-0.0059,1]},
{"frame":17,"values":[-0.9153,-0.3583,-0.1839,0,0.3433,-0.4556,-0.8213,0,0.2105,-0.8149,0.54,0,0.2277,0.5384,-0.0059,1]},
{"frame":31,"values":[0.5652,-0.2905,-0.7721,0,0.3983,0.9157,-0.0529,0,0.7224,-0.2776,0.6333,0,0.2277,0.5384,-0.0059,1]},
{"frame":63,"values":[0.5652,-0.2905,-0.7721,0,0.3983,0.9157,-0.0529,0,0.7224,-0.2776,0.6333,0,0.2277,0.5384,-0.0059,1]}],"loopBehavior":1,"name":"anim","property":"_matrix"}},
{"name":"Thumb02.L","index":9,"matrix":[0.9758,-0.2189,-0.0003,0,0.2188,0.9754,0.0275,0,-0.0057,-0.0269,0.9996,0,0,0.267,0,1],"rest":[0.9758,-0.2189,-0.0003,0,0.2188,0.9754,0.0275,0,-0.0057,-0.0269,0.9996,0,0,0.267,0,1],"parentBoneIndex":8,"length":0.3944
,"animation":{"dataType":3,"framePerSecond":24,"keys":[
{"frame":1,"values":[0.4628,-0.8758,0.1372,0,0.8773,0.4304,-0.2123,0,0.1269,0.2186,0.9675,0,0,0.267,0,1]},
{"frame":17,"values":[0.4628,-0.8758,0.1372,0,0.8773,0.4304,-0.2123,0,0.1269,0.2186,0.9675,0,0,0.267,0,1]},
{"frame":31,"values":[0.9758,-0.2189,-0.0003,0,0.2188,0.9754,0.0275,0,-0.0057,-0.0269,0.9996,0,0,0.267,0,1]},
{"frame":63,"values":[0.9758,-0.2189,-0.0003,0,0.2188,0.9754,0.0275,0,-0.0057,-0.0269,0.9996,0,0,0.267,0,1]}],"loopBehavior":1,"name":"anim","property":"_matrix"}},
{"name":"Fingers01.L","index":10,"matrix":[0.7609,-0.293,-0.5789,0,0.1338,0.9439,-0.302,0,0.6349,0.1523,0.7574,0,0,0.8204,0,1],"rest":[0.7602,-0.4479,-0.4706,0,0.231,0.8633,-0.4487,0,0.6072,0.2324,0.7598,0,0,0.8204,0,1],"parentBoneIndex":7,"length":0.2962
,"animation":{"dataType":3,"framePerSecond":24,"keys":[
{"frame":1,"values":[0.4253,-0.8873,0.1786,0,0.6181,0.1407,-0.7734,0,0.6611,0.4393,0.6083,0,0,0.8204,0,1]},
{"frame":17,"values":[0.4253,-0.8873,0.1786,0,0.6181,0.1407,-0.7734,0,0.6611,0.4393,0.6083,0,0,0.8204,0,1]},
{"frame":31,"values":[0.7609,-0.293,-0.5789,0,0.1338,0.9439,-0.302,0,0.6349,0.1523,0.7574,0,0,0.8204,0,1]},
{"frame":63,"values":[0.7609,-0.293,-0.5789,0,0.1338,0.9439,-0.302,0,0.6349,0.1523,0.7574,0,0,0.8204,0,1]}],"loopBehavior":1,"name":"anim","property":"_matrix"}},
{"name":"Fingers02.L","index":11,"matrix":[0.6059,-0.2828,-0.7436,0,0.268,0.9526,-0.1439,0,0.749,-0.1121,0.653,0,0,0.2962,0,1],"rest":[0.6059,-0.2828,-0.7436,0,0.268,0.9526,-0.1439,0,0.749,-0.1121,0.653,0,0,0.2962,0,1],"parentBoneIndex":10,"length":0.4478
,"animation":{"dataType":3,"framePerSecond":24,"keys":[
